0                  0                    
0.02               0.0441054046042124   
0.04               0.0863120315235168   
0.06               0.126713412377106    
0.08               0.165391773193475    
0.1                0.202446695329121    
0.12               0.237970827979301    
0.14               0.272015765243999    
0.16               0.304691863192114    
0.18               0.336053607369238    
0.2                0.366176317490288    
0.22               0.395110231404604    
0.24               0.422904586809885    
0.26               0.449634918080179    
0.28               0.475356426566701    
0.3                0.500110074196982    
0.32               0.523935085677504    
0.34               0.546898245569098    
0.36               0.569018443343818    
0.38               0.59033740626906     
0.4                0.61090999092975     
0.42               0.63076114280894     
0.44               0.649915442290956    
0.46               0.668416930908588    
0.48               0.686294908036391    
0.5                0.703568805768526    
0.52               0.72027035584721     
0.54               0.736424969491108    
0.56               0.752056743858179    
0.58               0.767188539950945    
0.6                0.781842055540955    
0.62               0.79603789344372     
0.64               0.809803707112161    
0.66               0.823141807728649    
0.68               0.836078093057778    
0.7                0.848629385121115    
0.72               0.860811696915207    
0.74               0.872640266829109    
0.76               0.884129617928161    
0.78               0.895293585652962    
0.8                0.906145362720237    
0.82               0.916697533839515    
0.84               0.926962108247194    
0.86               0.936950549801435    
0.88               0.946674404295937    
0.9                0.956142825137316    
0.92               0.965366548461297    
0.94               0.974355148471906    
0.96               0.983117799423801    
0.98               0.991663250665258    
1                  1                    
