0                   0                   
0.02                0.155457519176408   
0.04                0.268847347617368   
0.06                0.354007425534935   
0.08                0.419730128479215   
0.1                 0.471784743027201   
0.12                0.51390610117843    
0.14                0.548696629093745   
0.16                0.577882313368591   
0.18                0.602820712763224   
0.2                 0.624394609025678   
0.22                0.643322595172968   
0.24                0.660125602560101   
0.26                0.67521399755752    
0.28                0.688904359354242   
0.3                 0.701490371100284   
0.32                0.71307919941491    
0.34                0.723862775800837   
0.36                0.734016920901914   
0.38                0.743625916697293   
0.4                 0.752780452617604   
0.42                0.761556699704162   
0.44                0.770019163478886   
0.46                0.778229605284696   
0.48                0.786222084403868   
0.5                 0.794044362558267   
0.52                0.801732398210529   
0.54                0.80931788564128    
0.56                0.816828986053906   
0.58                0.824291008191249   
0.6                 0.831726560949414   
0.62                0.839156495571054   
0.64                0.846599895497851   
0.66                0.854082594413838   
0.68                0.861604617967009   
0.7                 0.869190268237886   
0.72                0.876854249924633   
0.74                0.8846104918398     
0.76                0.892468346651265   
0.78                0.900450316565505   
0.8                 0.90856524989396    
0.82                0.916826323917022   
0.84                0.925246712691772   
0.86                0.933839707420009   
0.88                0.942618651251467   
0.9                 0.951597306939487   
0.92                0.960789694972131   
0.94                0.970210252684977   
0.96                0.979873936738295   
0.98                0.989796287856559   
1                   1                   
