0                   0                    
0.02                0.0621234075634568   
0.04                0.120747801578206    
0.06                0.17603949357935     
0.08                0.22818743805599     
0.1                 0.277300674566696    
0.12                0.323605773016652    
0.14                0.367197553215866    
0.16                0.408212382191937    
0.18                0.446794019350653    
0.2                 0.48308546557019     
0.22                0.517204447272014    
0.24                0.54923350549099     
0.26                0.579354537682693    
0.28                0.607646231170962    
0.3                 0.634213313627259    
0.32                0.659132930073545    
0.34                0.682531130402223    
0.36                0.70448586267335     
0.38                0.725081404571533    
0.4                 0.74441304297648     
0.42                0.762534009586615    
0.44                0.779537626424751    
0.46                0.795489008567238    
0.48                0.810448040621198    
0.5                 0.824479730377351    
0.52                0.837642575534298    
0.54                0.849991796261783    
0.56                0.861588084641009    
0.58                0.872463150877302    
0.6                 0.882672228596889    
0.62                0.892259043826716    
0.64                0.901264841244606    
0.66                0.90972853498665     
0.68                0.917686856273471    
0.7                 0.92517449801122     
0.72                0.932224256648383    
0.74                0.938870469525285    
0.76                0.945135880033169    
0.78                0.951051810938993    
0.8                 0.956644854721303    
0.82                0.961940396759122    
0.84                0.966962755638575    
0.86                0.971736773152079    
0.88                0.976282163603088    
0.9                 0.980622419941689    
0.92                0.98477847186496     
0.94                0.988773643486013    
0.96                0.992627285600199    
0.98                0.996361607621784    
1                   1                    
