0                    0                    
0.02                 0.0517673853098398   
0.04                 0.100527128595997    
0.06                 0.14649903726104     
0.08                 0.189900011210657    
0.1                  0.230884632422179    
0.12                 0.269664418958768    
0.14                 0.306375550438575    
0.16                 0.341169900183138    
0.18                 0.374154431136494    
0.2                  0.405470196172669    
0.22                 0.435247700083873    
0.24                 0.463586483221473    
0.26                 0.490549903406601    
0.28                 0.516245481263741    
0.3                  0.540755550228843    
0.32                 0.564157722379387    
0.34                 0.586513509718755    
0.36                 0.607901043669316    
0.38                 0.628360049774976    
0.4                  0.647963468116932    
0.42                 0.666751447501502    
0.44                 0.684775244368274    
0.46                 0.702079194760707    
0.48                 0.718704502229498    
0.5                  0.734689536385377    
0.52                 0.750070057250986    
0.54                 0.764879419950089    
0.56                 0.779148761529236    
0.58                 0.792907171658245    
0.6                  0.806181848665001    
0.62                 0.819004523328016    
0.64                 0.831386364717391    
0.66                 0.843356091619189    
0.68                 0.854934649294496    
0.7                  0.866141695442041    
0.72                 0.876995692729486    
0.74                 0.88751399381945     
0.76                 0.897712919581021    
0.78                 0.907607831072371    
0.8                  0.917213182191849    
0.82                 0.926545343135042    
0.84                 0.935611710563828    
0.86                 0.944427160583534    
0.88                 0.953003152722195    
0.9                  0.96135051504191     
0.92                 0.969479485264217    
0.94                 0.977399748843259    
0.96                 0.985120474238625    
0.98                 0.992650356804944    
1                    1                    
